0.000000000000000000e+00,6.071242018189607847e+00,1.147608062550894203e+01,4.448479662430933956e+00,6.085487700338005013e+00,7.058896383903078231e+01,7.257156803306703807e+01,6.839044083449250877e+01,5.552982406584163755e+01,7.204579713789540563e+01
6.071242018189607847e+00,0.000000000000000000e+00,2.486074200904337062e+00,1.630037065514589711e+00,1.846457530739062936e+00,8.726436692112997662e+00,8.759748860248238955e+00,8.118333566742860441e+00,7.187598865920541868e+00,8.976204423122887022e+00
1.147608062550894203e+01,2.486074200904337062e+00,0.000000000000000000e+00,2.364791253065989807e+00,2.145166708531807576e+00,1.192812375352937693e+01,1.221375265521738385e+01,1.136580315598305368e+01,8.813230137149798082e+00,1.217635012974279185e+01
4.448479662430933956e+00,1.630037065514589711e+00,2.364791253065989807e+00,0.000000000000000000e+00,1.728416818682855904e+00,1.729433362684144271e+01,1.771492126977894088e+01,1.622208837709596452e+01,1.388838275591797178e+01,1.724936245185246619e+01
6.085487700338005013e+00,1.846457530739062936e+00,2.145166708531807576e+00,1.728416818682855904e+00,0.000000000000000000e+00,1.390913293407847462e+01,1.412842319781371891e+01,1.335336778785157108e+01,1.203986107937690520e+01,1.397174716055934951e+01
7.058896383903078231e+01,8.726436692112997662e+00,1.192812375352937693e+01,1.729433362684144271e+01,1.390913293407847462e+01,0.000000000000000000e+00,1.921927000617803678e-06,1.889838465065542752e-06,1.861179392128469128e-06,1.920586082859676604e-06
7.257156803306703807e+01,8.759748860248238955e+00,1.221375265521738385e+01,1.771492126977894088e+01,1.412842319781371891e+01,1.921927000617803678e-06,0.000000000000000000e+00,2.416658201452066287e-05,2.387124047186486573e-05,2.359022399597044968e-05
6.839044083449250877e+01,8.118333566742860441e+00,1.136580315598305368e+01,1.622208837709596452e+01,1.335336778785157108e+01,1.889838465065542752e-06,2.416658201452066287e-05,0.000000000000000000e+00,4.654838570478922927e-05,4.866791712028254965e-05
5.552982406584163755e+01,7.187598865920541868e+00,8.813230137149798082e+00,1.388838275591797178e+01,1.203986107937690520e+01,1.861179392128469128e-06,2.387124047186486573e-05,4.654838570478922927e-05,0.000000000000000000e+00,4.659124683066962044e-05
7.204579713789540563e+01,8.976204423122887022e+00,1.217635012974279185e+01,1.724936245185246619e+01,1.397174716055934951e+01,1.920586082859676604e-06,2.359022399597044968e-05,4.866791712028254965e-05,4.659124683066962044e-05,0.000000000000000000e+00
